      0/99     6.51G    0.1026    0.0238   0.06154    0.1879        78       640   0.01076   0.04023  0.004453  0.001233     0.077   0.01942   0.05488
      1/99     6.24G   0.06773   0.02715   0.05053    0.1454        84       640    0.7596   0.06178   0.04982   0.02107   0.05418   0.01912   0.04863
      2/99     6.15G   0.05692   0.02393   0.04512     0.126       100       640    0.7655   0.07437   0.07168   0.03471   0.04961   0.01589   0.04286
      3/99     6.15G   0.05335   0.02092    0.0406    0.1149        88       640    0.6186      0.19    0.1285   0.06852   0.04299   0.01425   0.03831
      4/99     6.15G   0.05164   0.01941   0.03725    0.1083        76       640    0.6585    0.1898    0.1536    0.0806   0.04149   0.01323   0.03509
      5/99     6.15G   0.04937   0.01835   0.03457    0.1023        80       640    0.7457     0.192    0.1847    0.1022   0.04061   0.01226    0.0313
      6/99     9.36G   0.04699    0.0173   0.03171     0.096       104       640     0.785     0.204    0.2057    0.1104   0.03905   0.01179   0.03003
      7/99     9.36G   0.04524   0.01672   0.02937   0.09132       100       640    0.7644    0.2387    0.2261    0.1302   0.03576   0.01153    0.0274
      8/99     9.36G   0.04359   0.01654    0.0278   0.08792        97       640    0.7861    0.2431     0.256    0.1574   0.03518   0.01101   0.02695
      9/99     9.36G   0.04197   0.01625   0.02705   0.08526        93       640    0.7939    0.2578    0.2855    0.1699   0.03458   0.01039   0.02591
     10/99     9.36G    0.0411   0.01569   0.02715   0.08394        87       640    0.7606    0.2916     0.283    0.1693   0.03623   0.01063   0.02422
     11/99     9.36G   0.04009   0.01551   0.02499   0.08059        95       640    0.7451    0.2689    0.2723    0.1542   0.03587   0.01137   0.02527
     12/99     9.36G   0.03957   0.01588   0.02479   0.08023       117       640    0.6234    0.3041    0.3196    0.2049   0.03267   0.01033   0.02271
     13/99     9.36G   0.03843   0.01555   0.02374   0.07772        69       640    0.6233    0.3216    0.3217    0.2034   0.03306    0.0109   0.02435
     14/99     9.36G   0.03708   0.01532   0.02412   0.07652        72       640     0.492     0.326    0.3015    0.1839   0.03426    0.0113   0.02416
     15/99     9.36G   0.03819   0.01558   0.02347   0.07725        92       640    0.6673    0.3247    0.3227    0.1766   0.03589   0.01161   0.02436
     16/99     9.36G   0.03762    0.0155   0.02277   0.07589        79       640    0.6148    0.3122    0.2803    0.1612   0.03548   0.01266   0.02529
     17/99     9.36G   0.03713   0.01597   0.02252   0.07561        94       640    0.6632    0.3539    0.3431    0.2184   0.03423   0.01204   0.02147
     18/99     9.36G   0.03719   0.01542   0.02271   0.07532       101       640    0.5249     0.364     0.342    0.1838   0.03834   0.01173    0.0226
     19/99     9.36G   0.03747   0.01606   0.02252   0.07605        78       640    0.5699    0.2538    0.2735    0.1496   0.04085   0.01329   0.02709
     20/99     9.36G   0.03825   0.01634   0.02322   0.07781        79       640    0.3512    0.3484     0.251    0.1291   0.04241   0.01366   0.03162
     21/99     9.36G   0.03835   0.01661   0.02256   0.07752        88       640    0.5397    0.3408     0.316    0.1774   0.03744   0.01261   0.02396
     22/99     9.36G   0.03727   0.01648   0.02249   0.07624        94       640    0.5987    0.3723    0.3876    0.2322   0.03383   0.01157   0.01909
     23/99     9.36G   0.03683   0.01622   0.02112   0.07417        85       640    0.5099    0.3944    0.3631    0.2126   0.03519   0.01302   0.02353
     24/99     9.36G   0.03621   0.01586   0.01963   0.07171        99       640    0.5396    0.4313    0.4072    0.2451   0.03422   0.01156   0.01944
     25/99     9.36G   0.03547   0.01566   0.01965   0.07077        77       640    0.5841    0.4444    0.4368    0.2666   0.03224   0.01106   0.01773
     26/99     9.36G   0.03544   0.01598   0.01911   0.07054       134       640    0.5415    0.4511    0.4315    0.2639   0.03286   0.01141   0.01918
     27/99     9.36G   0.03418   0.01539   0.01818   0.06775        69       640    0.5736    0.4647     0.496    0.3105   0.03085  0.009905   0.01588
     28/99     9.36G   0.03337   0.01505   0.01719   0.06561        93       640    0.5831     0.557    0.5483     0.335   0.03069  0.009351   0.01499
     29/99     9.36G   0.03365   0.01475   0.01665   0.06505       111       640    0.6364    0.5643    0.6037    0.3842   0.02922   0.00896   0.01289
     30/99     9.36G   0.03302   0.01404    0.0162   0.06326        83       640    0.6641    0.4857    0.5479    0.3509   0.03004   0.01121   0.01552
     31/99     9.36G   0.03232   0.01439   0.01601   0.06271        92       640    0.7063    0.5526    0.6269     0.409   0.02852  0.009229   0.01363
     32/99     9.36G   0.03206     0.014    0.0151   0.06116       101       640    0.6977    0.5732    0.6481    0.4365   0.02711   0.00881   0.01188
     33/99     9.36G   0.03237   0.01417   0.01487   0.06141       102       640    0.5487    0.6149    0.5975    0.3858   0.02926  0.009566    0.0132
     34/99     9.36G   0.03222   0.01417   0.01398   0.06037        82       640    0.6293     0.682    0.6794    0.4491   0.02761  0.008748   0.01108
     35/99     9.36G   0.03105   0.01346   0.01321   0.05771        73       640    0.6869    0.6547    0.7069    0.4591   0.02754  0.007967   0.01023
     36/99     9.36G    0.0312   0.01303    0.0136   0.05783        95       640    0.5937     0.657    0.6429    0.4093   0.02784  0.008291   0.01029
     37/99     9.36G   0.03121   0.01347   0.01324   0.05792        91       640    0.6385    0.6569    0.6952    0.4616   0.02673  0.008644   0.01129
     38/99     9.36G   0.03011   0.01315   0.01258   0.05584        88       640    0.7181    0.6414    0.7046    0.4656   0.02688   0.00839    0.0108
     39/99     9.36G   0.03045   0.01343   0.01236   0.05624       112       640    0.6636    0.6494    0.6922    0.4616   0.02748  0.008629  0.009999
     40/99     9.36G   0.02972   0.01273   0.01198   0.05442        99       640    0.7194    0.7062    0.7549    0.5159   0.02572  0.007749  0.008753
     41/99     9.36G   0.02987   0.01265   0.01152   0.05404        93       640     0.731    0.6979    0.7394    0.5021    0.0261   0.00801  0.009912
     42/99     9.36G   0.02934   0.01274    0.0117   0.05379       111       640    0.6992    0.6562    0.7289    0.4764   0.02607  0.008054  0.009866
     43/99     9.36G   0.02882   0.01233   0.01073   0.05188        93       640    0.7162    0.7549    0.7906    0.5332   0.02506  0.007254  0.008157
     44/99     9.36G   0.02823   0.01215   0.01067   0.05106        64       640    0.7812    0.7242    0.8082    0.5524   0.02513  0.007158  0.008073
     45/99     9.36G   0.02817   0.01216   0.01068   0.05102        88       640    0.8239    0.6922    0.8048    0.5535   0.02473  0.007716  0.008686
     46/99     9.36G   0.02826   0.01182   0.00993   0.05001        99       640    0.7894    0.7314    0.8297     0.586   0.02448  0.007174  0.007678
     47/99     9.36G   0.02834   0.01197  0.009882   0.05019       100       640    0.8458    0.7743    0.8601    0.5851   0.02363  0.006468  0.006693
     48/99     9.36G   0.02796   0.01152   0.01007   0.04955        82       640    0.8414    0.7938    0.8734    0.6253   0.02343  0.006435  0.006905
     49/99     9.36G   0.02765   0.01174  0.009458   0.04885        75       640      0.78    0.8285    0.8684    0.6092   0.02379  0.006399  0.006407
     50/99     9.36G   0.02744   0.01147  0.009195    0.0481        77       640    0.8515    0.8388    0.9081    0.6478   0.02299  0.006093   0.00596
     51/99     9.36G   0.02707   0.01154  0.009408   0.04802       116       640    0.8664     0.813    0.9055    0.6331   0.02261  0.006116  0.006025
     52/99     9.36G   0.02647    0.0111  0.008717   0.04629        95       640    0.8569    0.8067    0.8929    0.6355   0.02257  0.006195   0.00622
     53/99     9.36G   0.02655   0.01117  0.008596   0.04631        89       640    0.8244    0.8667    0.9064     0.645   0.02271  0.006105  0.005791
     54/99     9.36G   0.02648   0.01093  0.008238   0.04565        98       640    0.8994    0.8378    0.9185    0.6593    0.0221  0.005919  0.005485
     55/99     9.36G   0.02602   0.01077  0.008138   0.04492        78       640    0.8968    0.8451    0.9309    0.6834   0.02174  0.005775  0.005355
     56/99     9.36G    0.0262   0.01078  0.008105   0.04508        89       640    0.8754     0.857    0.9228    0.6739    0.0221  0.005832  0.005414
     57/99     9.36G   0.02584   0.01066  0.008107   0.04461        95       640    0.8955    0.8934    0.9489     0.713   0.02121  0.005563  0.005333
     58/99     9.36G    0.0253   0.01067  0.007661   0.04364        71       640    0.9082     0.864    0.9337    0.6972   0.02137  0.005742  0.005097
     59/99     9.36G   0.02535   0.01053  0.008061   0.04394       101       640    0.9257    0.8729    0.9445    0.6982   0.02122  0.005437  0.005136
     60/99     9.36G   0.02473   0.01039  0.006769   0.04188        80       640    0.9311    0.8927    0.9577     0.716   0.02045   0.00517  0.004758
     61/99     9.36G   0.02476  0.009839  0.006828   0.04143        71       640    0.9259    0.8958     0.956    0.7144   0.02074  0.005092  0.004798
     62/99     9.36G   0.02469  0.009913  0.006942   0.04154        74       640      0.93    0.8993    0.9565     0.716    0.0204  0.004936  0.004603
     63/99     9.36G   0.02413  0.009882  0.006878   0.04089        90       640     0.957    0.8959    0.9596    0.7273   0.02012   0.00495  0.004513
     64/99     9.36G   0.02388  0.009758  0.006933   0.04057        93       640     0.934    0.9184    0.9629    0.7377   0.01998  0.004951  0.004621
     65/99     9.36G    0.0239   0.01006  0.006575   0.04053        90       640    0.9059    0.9385    0.9641    0.7278   0.02004  0.005092  0.004404
     66/99     9.36G   0.02343  0.009609  0.006139   0.03918        91       640    0.9429    0.9066    0.9623    0.7284    0.0197  0.004744  0.004256
     67/99     9.36G   0.02345  0.009557  0.006281   0.03929        93       640    0.9449    0.9039    0.9651    0.7537   0.01952   0.00494  0.004264
     68/99     9.36G   0.02336  0.009433  0.006183   0.03897        96       640    0.9402    0.9279    0.9686    0.7424   0.01934  0.004762  0.004194
     69/99     9.36G   0.02277  0.009347  0.005875   0.03799        94       640    0.9434    0.9292    0.9718    0.7638     0.019  0.004532  0.004028
     70/99     9.36G   0.02301  0.009378  0.005754   0.03814       115       640    0.9385    0.9436    0.9711    0.7586   0.01904  0.004777  0.004152
     71/99     9.36G   0.02317  0.009239  0.006624   0.03904        99       640    0.9337    0.9354     0.971     0.756   0.01895  0.004517  0.004082
     72/99     9.36G   0.02247   0.00898  0.006069   0.03752        85       640    0.9495     0.936    0.9739    0.7715   0.01868  0.004661  0.004025
     73/99     9.36G   0.02265  0.008903  0.005844   0.03739        68       640    0.9081    0.9357    0.9621    0.7362    0.0189  0.004564  0.003906
     74/99     9.36G   0.02212  0.008952  0.005555   0.03663        80       640    0.9488    0.9319    0.9744    0.7721   0.01836  0.004338  0.003895
     75/99     9.36G    0.0217  0.008738  0.005542   0.03598        77       640     0.941    0.9489    0.9739    0.7788   0.01826  0.004333  0.003875
     76/99     9.36G    0.0219  0.008844  0.005538   0.03628        92       640    0.9339    0.9538    0.9749     0.785   0.01819  0.004293  0.003839
     77/99     9.36G   0.02194  0.008615  0.006064   0.03662       105       640    0.9574     0.921    0.9735    0.7855   0.01795   0.00442  0.003805
     78/99     9.36G   0.02171  0.008448  0.005456   0.03562       104       640    0.9521    0.9463    0.9773    0.7948   0.01779  0.004194  0.003801
     79/99     9.36G   0.02168  0.008687  0.005622   0.03599        78       640    0.9492     0.955    0.9799    0.7996    0.0177  0.004134  0.003696
     80/99     9.36G    0.0209   0.00874  0.005063   0.03471        94       640    0.9644    0.9414    0.9791    0.8008   0.01758  0.004074  0.003706
     81/99     9.36G   0.02147  0.008604  0.005482   0.03556        89       640    0.9552    0.9456    0.9791    0.7992   0.01743  0.004086  0.003621
     82/99     9.36G    0.0212  0.008294  0.005136   0.03464        89       640    0.9495      0.95    0.9795    0.8009    0.0174   0.00403  0.003636
     83/99     9.36G   0.02063  0.008285  0.005119   0.03404       104       640    0.9495    0.9581    0.9781    0.7999   0.01724  0.004022  0.003626
     84/99     9.36G   0.02074  0.008528  0.005105   0.03437        86       640    0.9542    0.9531    0.9805    0.7955   0.01731  0.004036  0.003613
     85/99     9.36G   0.02065  0.008259  0.005281   0.03419       105       640    0.9504    0.9367    0.9789    0.8013   0.01698  0.004049  0.003642
     86/99     9.36G   0.02049  0.008175  0.005006   0.03367        85       640    0.9596     0.956    0.9805    0.8147   0.01691  0.003942  0.003574
     87/99     9.36G   0.02033  0.007973  0.005114   0.03341        94       640    0.9578    0.9585    0.9795    0.8117   0.01699  0.003967  0.003511
     88/99     9.36G   0.02061  0.008043  0.005218   0.03388        54       640    0.9626    0.9474    0.9808     0.804   0.01675  0.003947  0.003564
     89/99     9.36G   0.02006  0.007939  0.004719   0.03272        89       640    0.9672     0.949    0.9823    0.8134   0.01667  0.003915  0.003499
     90/99     9.36G   0.01974  0.007735  0.004807   0.03228        73       640    0.9467    0.9619    0.9815    0.8113   0.01666  0.003975  0.003495
     91/99     9.36G   0.02006  0.007758  0.004842   0.03266        97       640    0.9638    0.9535    0.9822    0.8203   0.01647  0.003808  0.003436
     92/99     9.36G   0.01985  0.007868  0.004576   0.03229        98       640    0.9701    0.9578    0.9827     0.821   0.01645  0.003786  0.003434
     93/99     9.36G   0.01997  0.007884   0.00474    0.0326       110       640    0.9652    0.9547    0.9827    0.8244    0.0165  0.003884  0.003478
     94/99     9.36G   0.01969  0.007643   0.00479   0.03212       102       640     0.958    0.9611    0.9842    0.8327   0.01624  0.003784  0.003462
     95/99     9.36G   0.01987  0.007681  0.004505   0.03205       104       640    0.9709    0.9531    0.9844    0.8282   0.01626  0.003767  0.003416
     96/99     9.36G   0.01967  0.007469  0.004549   0.03169        99       640    0.9578    0.9648    0.9847    0.8335   0.01606  0.003709  0.003437
     97/99     9.36G   0.01992  0.007639   0.00484    0.0324        84       640    0.9603    0.9631    0.9844    0.8259   0.01615  0.003769  0.003369
     98/99     9.36G   0.01961  0.007754  0.004432    0.0318        91       640    0.9548    0.9691    0.9843    0.8344   0.01608  0.003788  0.003352
     99/99     9.36G   0.01955  0.007689  0.004616   0.03185        90       640    0.9581    0.9619    0.9843    0.8394   0.01601  0.003671  0.003364
