9 0.525210 0.600000 0.344538 0.272000
4 0.128151 0.182000 0.096639 0.092000
4 0.674370 0.150000 0.079832 0.076000
4 0.913866 0.106000 0.088235 0.084000
4 0.913866 0.494000 0.071429 0.060000
4 0.882353 0.876000 0.075630 0.072000
4 0.329832 0.890000 0.071429 0.068000
4 0.147059 0.712000 0.075630 0.072000
4 0.098739 0.496000 0.071429 0.072000
4 0.182773 0.352000 0.054622 0.056000
4 0.342437 0.118000 0.037815 0.036000
4 0.096639 0.888000 0.042017 0.040000
4 0.621849 0.890000 0.050420 0.044000
4 0.848739 0.662000 0.050420 0.044000
