3 0.493462 0.230207 0.840769 0.321559
3 0.390000 0.735079 0.076923 0.188794
3 0.470385 0.729598 0.059231 0.187576
0 0.141923 0.429963 0.034615 0.051157
0 0.425769 0.429963 0.034615 0.051157
0 0.465000 0.427527 0.034615 0.051157
0 0.505000 0.425091 0.034615 0.051157
0 0.545000 0.425091 0.034615 0.051157
0 0.585000 0.426309 0.034615 0.051157
0 0.625769 0.426309 0.034615 0.051157
0 0.663462 0.428745 0.034615 0.051157
0 0.705769 0.426309 0.034615 0.051157
0 0.751923 0.425091 0.034615 0.051157
0 0.791923 0.427527 0.034615 0.051157
0 0.833462 0.426309 0.034615 0.051157
0 0.871923 0.426309 0.034615 0.051157
0 0.227308 0.431181 0.034615 0.051157
0 0.263462 0.428745 0.034615 0.051157
0 0.305769 0.428745 0.034615 0.051157
0 0.345769 0.427527 0.034615 0.051157
0 0.384231 0.428745 0.034615 0.051157
0 0.182692 0.428745 0.034615 0.051157
0 0.854615 0.571864 0.032308 0.045067
