      0/49     6.51G    0.1026    0.0238   0.06153    0.1879        78       640   0.01085   0.04063  0.004481   0.00124   0.07701   0.01942   0.05489
      1/49     6.24G   0.06765   0.02717   0.05053    0.1453        84       640    0.7538   0.06008   0.04867   0.01942   0.05458   0.01917   0.04869
      2/49     6.15G   0.05703   0.02395   0.04511    0.1261       100       640    0.7649   0.09082   0.07709   0.03738   0.04642   0.01619   0.04291
      3/49     6.15G   0.05382   0.02086   0.04059    0.1153        88       640    0.6107    0.1932    0.1175   0.06402   0.04356   0.01434   0.03864
      4/49     6.15G   0.05135   0.01951   0.03723    0.1081        76       640    0.6744    0.1887    0.1581   0.08396   0.04063   0.01303   0.03462
      5/49     6.15G   0.04883   0.01841   0.03452    0.1018        80       640    0.7286    0.1913    0.1791   0.09669   0.04301   0.01256   0.03162
      6/49     9.36G    0.0477   0.01732   0.03173   0.09675       104       640    0.7391    0.2262    0.1909   0.09909   0.04101   0.01149   0.02981
      7/49     9.36G    0.0453    0.0168   0.02939   0.09148       100       640    0.7602    0.2433    0.2326    0.1418   0.03599   0.01165    0.0278
      8/49     9.36G   0.04307    0.0165   0.02788   0.08746        97       640    0.7241    0.2584      0.24    0.1424   0.03619   0.01119   0.02891
      9/49     9.36G   0.04176   0.01623   0.02701   0.08501        93       640    0.6947    0.3223    0.2933    0.1844   0.03399   0.01035   0.02592
     10/49     9.36G    0.0406   0.01569   0.02707   0.08335        87       640    0.7929    0.2558    0.2825    0.1712   0.03537   0.01067   0.02353
     11/49     9.36G   0.04006   0.01554   0.02508   0.08069        95       640    0.7874    0.2262     0.265    0.1649   0.03467   0.01205   0.02547
     12/49     9.36G    0.0387   0.01577   0.02467   0.07914       117       640    0.6886    0.3384    0.3095    0.2007   0.03214   0.01043   0.02286
     13/49     9.36G   0.03749   0.01548   0.02368   0.07665        69       640    0.7523    0.3344    0.3536    0.2302   0.03138  0.009966     0.022
     14/49     9.36G    0.0368   0.01514   0.02358   0.07552        72       640    0.6276    0.3144    0.3354    0.2116   0.03279   0.01047   0.02201
     15/49     9.36G   0.03722   0.01525   0.02265   0.07513        92       640    0.5998    0.3416    0.3004    0.1831   0.03517   0.01322   0.02612
     16/49     9.36G     0.036   0.01515    0.0223   0.07345        79       640    0.7465    0.2861    0.3241    0.1879   0.03483    0.0121   0.02421
     17/49     9.36G   0.03592   0.01536   0.02182   0.07311        94       640    0.6378    0.3927     0.384    0.2366   0.03446   0.01111   0.02146
     18/49     9.36G   0.03595    0.0151   0.02235    0.0734       101       640    0.3215    0.3791    0.3136    0.1759   0.03805   0.01227    0.0264
     19/49     9.36G   0.03606   0.01586   0.02201   0.07392        78       640    0.5398    0.3183    0.3293    0.1992   0.03653   0.01176   0.02267
     20/49     9.36G   0.03641   0.01587   0.02237   0.07465        79       640    0.4438    0.4196    0.3765     0.224   0.03383   0.01168   0.02087
     21/49     9.36G   0.03681    0.0159   0.02109   0.07379        88       640     0.498    0.3361    0.3356    0.1922   0.03586   0.01453   0.02374
     22/49     9.36G   0.03546   0.01579   0.02114   0.07239        94       640    0.5457    0.4054    0.4292    0.2728    0.0323   0.01015   0.01791
     23/49     9.36G   0.03534   0.01554   0.02003   0.07091        85       640    0.5066    0.4818    0.4274    0.2637   0.03255   0.01169   0.01895
     24/49     9.36G   0.03412   0.01499   0.01824   0.06735        99       640    0.5891     0.459    0.4886    0.3179   0.03084   0.01003   0.01714
     25/49     9.36G   0.03325   0.01468   0.01795   0.06588        77       640    0.6754    0.4663    0.5277    0.3425   0.02986   0.00997   0.01551
     26/49     9.36G   0.03314   0.01496   0.01671   0.06481       134       640    0.6315    0.4786    0.5315    0.3237    0.0301  0.009771   0.01692
     27/49     9.36G   0.03179   0.01432   0.01641   0.06252        69       640    0.5322    0.5826    0.5626    0.3622   0.02972  0.009588   0.01443
     28/49     9.36G   0.03084   0.01408   0.01537   0.06029        93       640     0.579    0.6587    0.6248      0.39   0.02791  0.008225   0.01211
     29/49     9.36G   0.03095   0.01366   0.01465   0.05926       111       640    0.6621    0.6219    0.6535    0.4269   0.02712  0.008156   0.01217
     30/49     9.36G   0.02999   0.01283   0.01376   0.05658        83       640    0.6737    0.6482    0.6905    0.4607   0.02593    0.0089   0.01128
     31/49     9.36G   0.02929   0.01299   0.01314   0.05543        92       640    0.7011    0.6499    0.7255    0.4885   0.02585   0.00819   0.01079
     32/49     9.36G   0.02886   0.01256   0.01282   0.05424       101       640    0.6946    0.7107    0.7446    0.5257   0.02492  0.007494   0.00936
     33/49     9.36G   0.02852   0.01272   0.01224   0.05347       102       640    0.7519    0.6732    0.7556     0.522   0.02467  0.007287  0.009174
     34/49     9.36G   0.02835   0.01257   0.01155   0.05248        82       640    0.6985    0.7628    0.7791      0.55   0.02423  0.007416  0.008665
     35/49     9.36G   0.02717   0.01173   0.01072   0.04962        73       640    0.8642    0.7319    0.8282    0.5886    0.0237   0.00659  0.007973
     36/49     9.36G   0.02717   0.01141    0.0108   0.04938        95       640    0.7701     0.731     0.799    0.5459   0.02411  0.006627  0.007894
     37/49     9.36G    0.0271   0.01147   0.01016   0.04874        91       640    0.8141    0.7391    0.8221    0.5669   0.02351  0.007694  0.008165
     38/49     9.36G   0.02633    0.0114  0.009948   0.04768        88       640    0.8306    0.7946    0.8649    0.6164   0.02256  0.006101  0.006771
     39/49     9.36G   0.02607   0.01138  0.009097   0.04654       112       640     0.886       0.8    0.8698    0.6233   0.02215    0.0057  0.006297
     40/49     9.36G   0.02549   0.01073  0.009218   0.04544        99       640    0.9043    0.8271    0.9069    0.6738   0.02128  0.005512   0.00593
     41/49     9.36G   0.02543   0.01083  0.008419   0.04468        93       640    0.8808    0.8103    0.8927    0.6458   0.02181  0.005808  0.006022
     42/49     9.36G   0.02508   0.01078  0.008827   0.04468       111       640    0.8789    0.8461    0.9149    0.6809   0.02139  0.005707  0.005677
     43/49     9.36G   0.02431    0.0104  0.007698   0.04241        93       640    0.9225    0.8424    0.9271    0.6991   0.02088  0.005337  0.005411
     44/49     9.36G   0.02399   0.01028  0.007707   0.04198        64       640    0.9141    0.8439    0.9271    0.6993   0.02057  0.005403  0.005418
     45/49     9.36G   0.02341    0.0101  0.007735   0.04124        88       640    0.9249     0.859    0.9351    0.7224    0.0202  0.005113  0.005254
     46/49     9.36G    0.0235  0.009905  0.007228   0.04063        99       640    0.8943    0.8875    0.9381    0.7092   0.02032  0.005268  0.005049
     47/49     9.36G   0.02362   0.01025  0.007465   0.04134       100       640    0.9289    0.8636    0.9414    0.7187   0.02005  0.005061   0.00488
     48/49     9.36G    0.0238  0.009678   0.00771   0.04119        82       640    0.9184    0.9025    0.9501    0.7351   0.01991  0.005085  0.004806
     49/49     9.36G   0.02337   0.00992  0.007165   0.04045        75       640     0.897    0.8906    0.9295    0.7003   0.01988  0.004873  0.004671
